Instance;Objective;Heuristic;Metaheuristic
p31.txt;37820;10;1
p31.txt;37820;2;5
p31.txt;37820;4;1
p31.txt;37820;5;4
p31.txt;37820;6;1
p31.txt;37820;10;6
p31.txt;37820;4;3
p31.txt;37820;11;3
p31.txt;37820;11;4
p31.txt;37820;7;1
p31.txt;37820;4;5
p31.txt;37820;6;4
p31.txt;37820;9;1
p31.txt;37820;13;4
p31.txt;37820;16;5
p31.txt;37820;3;1
p31.txt;37820;15;1
p31.txt;37820;3;3
p31.txt;37820;9;6
p31.txt;37820;12;3
p31.txt;37820;3;4
p31.txt;37820;16;1
p31.txt;37820;2;4
p31.txt;37820;5;1
p31.txt;37820;14;2
p31.txt;37820;1;3
p31.txt;37820;7;6
p31.txt;37820;13;6
p31.txt;37820;1;2
p31.txt;37820;7;3
p31.txt;37820;15;5
p31.txt;37820;8;6
p31.txt;37820;9;4
p31.txt;37820;16;3
p31.txt;37820;8;5
p31.txt;37820;7;5
p31.txt;37820;10;5
p31.txt;37820;12;4
p31.txt;37820;8;4
p31.txt;37820;1;6
p31.txt;37820;16;6
p31.txt;37820;6;2
p31.txt;37820;15;3
p31.txt;37820;14;3
p31.txt;37820;13;1
p31.txt;37820;4;2
p31.txt;37820;2;6
p31.txt;37820;6;5
p31.txt;37820;16;2
p31.txt;37820;1;5
p31.txt;37820;5;6
p31.txt;37820;12;6
p31.txt;37820;11;2
p31.txt;37820;16;4
p31.txt;37820;8;2
p31.txt;37820;5;5
p31.txt;37820;1;4
p31.txt;37820;11;6
p31.txt;37820;7;2
p31.txt;37820;13;5
p31.txt;37820;14;4
p31.txt;37820;14;1
p31.txt;37820;4;6
p31.txt;37820;13;3
p31.txt;37820;9;2
p31.txt;37820;14;6
p31.txt;37820;9;5
p31.txt;37820;3;2
p31.txt;37820;11;5
p31.txt;37820;5;3
p31.txt;37820;5;2
p31.txt;37820;8;1
p31.txt;37820;10;4
p31.txt;37820;14;5
p31.txt;37820;3;5
p31.txt;37820;11;1
p31.txt;37820;12;2
p31.txt;37820;15;4
p31.txt;37820;10;3
p31.txt;37820;13;2
p31.txt;37820;8;3
p31.txt;37820;4;4
p31.txt;37820;9;3
p31.txt;37820;6;6
p31.txt;37820;7;4
p31.txt;37820;12;1
p31.txt;37820;15;6
p31.txt;37820;2;1
p31.txt;37820;6;3
p31.txt;37820;15;2
p31.txt;37820;1;1
p31.txt;37820;2;3
p31.txt;37820;3;6
p31.txt;37820;2;2
p31.txt;37820;12;5
p31.txt;37820;10;2
CVRP_2.txt;73629;10;1
CVRP_2.txt;73629;2;5
CVRP_2.txt;73629;6;1
CVRP_2.txt;73629;11;3
CVRP_2.txt;73629;7;1
CVRP_2.txt;73629;16;5
CVRP_2.txt;73629;12;3
CVRP_2.txt;73629;16;1
CVRP_2.txt;73629;2;4
CVRP_2.txt;73629;13;6
CVRP_2.txt;73629;8;6
CVRP_2.txt;73629;10;5
CVRP_2.txt;73629;12;4
CVRP_2.txt;73629;1;6
CVRP_2.txt;73629;6;2
CVRP_2.txt;73629;15;3
CVRP_2.txt;73629;14;3
CVRP_2.txt;73629;13;1
CVRP_2.txt;73629;2;6
CVRP_2.txt;73629;6;5
CVRP_2.txt;73629;16;2
CVRP_2.txt;73629;1;5
CVRP_2.txt;73629;12;6
CVRP_2.txt;73629;11;2
CVRP_2.txt;73629;16;4
CVRP_2.txt;73629;8;2
CVRP_2.txt;73629;1;4
CVRP_2.txt;73629;11;6
CVRP_2.txt;73629;7;2
CVRP_2.txt;73629;13;5
CVRP_2.txt;73629;14;4
CVRP_2.txt;73629;9;2
CVRP_2.txt;73629;9;5
CVRP_2.txt;73629;11;5
CVRP_2.txt;73629;10;4
CVRP_2.txt;73629;12;2
CVRP_2.txt;73629;10;3
CVRP_2.txt;73629;13;2
CVRP_2.txt;73629;6;6
CVRP_2.txt;73629;7;4
CVRP_2.txt;73629;12;1
CVRP_2.txt;73629;6;3
CVRP_2.txt;73629;15;2
CVRP_2.txt;73629;1;1
CVRP_2.txt;73629;2;3
CVRP_2.txt;73629;2;2
CVRP_2.txt;73629;12;5
CVRP_2.txt;73629;10;2
CVRP_3.txt;63006;3;1
CVRP_5.txt;135312;3;1
p3.txt;137461;5;4
p3.txt;137461;7;1
p3.txt;137461;9;1
p3.txt;137461;13;4
p3.txt;137461;9;6
p3.txt;137461;2;4
p3.txt;137461;14;2
p3.txt;137461;15;5
p3.txt;137461;8;6
p3.txt;137461;16;3
p3.txt;137461;16;6
p3.txt;137461;15;3
p3.txt;137461;8;2
p3.txt;137461;14;1
p3.txt;137461;9;2
p3.txt;137461;9;5
p3.txt;137461;15;4
p3.txt;137461;8;3
p3.txt;137461;4;4
p3.txt;137461;6;6
p3.txt;137461;1;1
p3.txt;137461;2;2
p17.txt;305250;14;4
p17.txt;305250;14;6
p17.txt;305250;14;5
p17.txt;305250;2;2
p6.txt;201394;8;6
p6.txt;201394;10;5
p6.txt;201394;11;1
p19.txt;305408;6;5
p15.txt;144228;10;5
p15.txt;144228;5;2
p15.txt;144228;10;4
p15.txt;144228;12;2
p15.txt;144228;15;4
p11.txt;218955;4;2
p11.txt;218955;5;6
p11.txt;218955;1;4
CVRP_100.txt;11327;10;1
CVRP_100.txt;11327;2;5
CVRP_100.txt;11327;4;1
CVRP_100.txt;11327;5;4
CVRP_100.txt;11327;6;1
CVRP_100.txt;11327;10;6
CVRP_100.txt;11327;4;3
CVRP_100.txt;11327;11;3
CVRP_100.txt;11327;11;4
CVRP_100.txt;11327;7;1
CVRP_100.txt;11327;4;5
CVRP_100.txt;11327;6;4
CVRP_100.txt;11327;9;1
CVRP_100.txt;11327;13;4
CVRP_100.txt;11327;16;5
CVRP_100.txt;11327;3;1
CVRP_100.txt;11327;15;1
CVRP_100.txt;11327;3;3
CVRP_100.txt;11327;9;6
CVRP_100.txt;11327;12;3
CVRP_100.txt;11327;3;4
CVRP_100.txt;11327;16;1
CVRP_100.txt;11327;2;4
CVRP_100.txt;11327;5;1
CVRP_100.txt;11327;14;2
CVRP_100.txt;11327;1;3
CVRP_100.txt;11327;7;6
CVRP_100.txt;11327;13;6
CVRP_100.txt;11327;1;2
CVRP_100.txt;11327;7;3
CVRP_100.txt;11327;15;5
CVRP_100.txt;11327;8;6
CVRP_100.txt;11327;9;4
CVRP_100.txt;11327;16;3
CVRP_100.txt;11327;8;5
CVRP_100.txt;11327;7;5
CVRP_100.txt;11327;10;5
CVRP_100.txt;11327;12;4
CVRP_100.txt;11327;8;4
CVRP_100.txt;11327;1;6
CVRP_100.txt;11327;16;6
CVRP_100.txt;11327;6;2
CVRP_100.txt;11327;15;3
CVRP_100.txt;11327;14;3
CVRP_100.txt;11327;13;1
CVRP_100.txt;11327;4;2
CVRP_100.txt;11327;2;6
CVRP_100.txt;11327;6;5
CVRP_100.txt;11327;16;2
CVRP_100.txt;11327;1;5
CVRP_100.txt;11327;5;6
CVRP_100.txt;11327;12;6
CVRP_100.txt;11327;11;2
CVRP_100.txt;11327;16;4
CVRP_100.txt;11327;8;2
CVRP_100.txt;11327;5;5
CVRP_100.txt;11327;1;4
CVRP_100.txt;11327;11;6
CVRP_100.txt;11327;7;2
CVRP_100.txt;11327;13;5
CVRP_100.txt;11327;14;4
CVRP_100.txt;11327;14;1
CVRP_100.txt;11327;4;6
CVRP_100.txt;11327;13;3
CVRP_100.txt;11327;9;2
CVRP_100.txt;11327;14;6
CVRP_100.txt;11327;9;5
CVRP_100.txt;11327;3;2
CVRP_100.txt;11327;11;5
CVRP_100.txt;11327;5;3
CVRP_100.txt;11327;5;2
CVRP_100.txt;11327;8;1
CVRP_100.txt;11327;10;4
CVRP_100.txt;11327;14;5
CVRP_100.txt;11327;3;5
CVRP_100.txt;11327;11;1
CVRP_100.txt;11327;12;2
CVRP_100.txt;11327;15;4
CVRP_100.txt;11327;10;3
CVRP_100.txt;11327;13;2
CVRP_100.txt;11327;8;3
CVRP_100.txt;11327;4;4
CVRP_100.txt;11327;9;3
CVRP_100.txt;11327;6;6
CVRP_100.txt;11327;7;4
CVRP_100.txt;11327;12;1
CVRP_100.txt;11327;15;6
CVRP_100.txt;11327;2;1
CVRP_100.txt;11327;6;3
CVRP_100.txt;11327;15;2
CVRP_100.txt;11327;1;1
CVRP_100.txt;11327;2;3
CVRP_100.txt;11327;3;6
CVRP_100.txt;11327;2;2
CVRP_100.txt;11327;12;5
CVRP_100.txt;11327;10;2
p4.txt;171801;3;1
p2.txt;77564;3;1
p16.txt;303412;6;4
p16.txt;303412;9;6
p16.txt;303412;8;2
p16.txt;303412;14;1
p16.txt;303412;10;3
p16.txt;303412;7;4
p16.txt;303412;10;2
p1.txt;69084;13;4
CVRP_1.txt;25854;3;1
CVRP_4.txt;122210;7;6
CVRP_4.txt;122210;1;4
CVRP_4.txt;122210;1;1
p18.txt;310299;11;4
p18.txt;310299;16;1
p18.txt;310299;12;4
p18.txt;310299;8;4
p18.txt;310299;14;4
p18.txt;310299;10;4
p18.txt;310299;8;3
p18.txt;310299;9;3
p12.txt;309156;3;1
p20.txt;308528;3;1
p5.txt;192506;2;5
p5.txt;192506;7;1
p5.txt;192506;9;6
p5.txt;192506;7;6
p5.txt;192506;8;6
p5.txt;192506;7;5
p5.txt;192506;1;4
p5.txt;192506;5;2
p5.txt;192506;14;5
p5.txt;192506;3;5
p5.txt;192506;12;2
p5.txt;192506;13;2
p5.txt;192506;9;3
p5.txt;192506;15;6
p5.txt;192506;15;2
