------------------------------------------
HEURÍSTICA DE CONSTRUCCIÓN: SaveParallel
COSTO TOTAL: 3420.0
TOTAL DE RUTAS: 19
TIEMPO DE EJECUCIÓN: 15249
 
R1[98, 177, 157, 3, 88, 8, 186, 127, 54, 18]
R2[21, 92, 23, 182, 75, 163, 194, 145, 52, 195]
R3[10, 106, 128, 46, 125, 191, 84, 180, 82, 4, 72, 60]
R4[38, 22, 150, 159, 151, 16, 140, 187, 142, 111, 63, 114, 56]
R5[37, 135, 7, 132, 185, 104, 161, 49, 117, 181, 58, 184]
R6[153, 123, 87, 29, 79, 168, 112, 156, 50, 42, 134, 170]
R7[108, 165, 121, 33, 36, 176, 143, 188, 83, 118, 57]
R8[147, 32, 189, 174, 65, 86, 115, 94, 51, 171, 136, 124]
R9[200, 69, 141, 197, 103, 148, 47, 160]
R10[15, 59, 96, 105, 89, 169, 40, 152, 198, 14, 26, 130]
R11[6, 11, 116, 12, 70, 91, 66, 164, 129, 73]
R12[119, 166, 35, 126, 71, 9, 1, 144]
R13[101, 99, 53, 137, 138, 81, 199, 55, 93, 183]
R14[20, 41, 85, 80, 31, 25, 172, 77, 110, 162]
R15[28, 74, 133, 48, 149, 178, 97, 196, 192, 19, 120, 30, 68]
R16[62, 131, 44, 102, 146, 76]
R17[179, 24, 61, 100, 64, 154, 173, 27, 45, 109]
R18[113, 155, 13, 43, 158, 34, 167, 5, 193, 95, 190, 122, 139]
R19[67, 2, 90, 175, 17, 39, 107, 78]
------------------------------------------