------------------------------------------
HEURÍSTICA DE CONSTRUCCIÓN: SaveParallel
COSTO TOTAL: 9012.0
TOTAL DE RUTAS: 37
TIEMPO DE EJECUCIÓN: 59836
 
R1[330, 143, 166, 89, 147, 46, 153, 215, 337, 160, 258, 5]
R2[227, 104, 158, 168, 283, 289, 320, 162, 247, 117, 40, 352, 226]
R3[210, 156, 133, 62, 39, 65, 67, 32, 307, 396]
R4[374, 264, 259, 242, 245, 116, 127, 1, 389, 181, 51]
R5[138, 223, 236, 35, 110, 369, 61, 11, 218, 182, 290]
R6[73, 30, 95, 380, 177, 328, 85, 265, 317]
R7[376, 347, 2, 124, 377, 306, 272, 361, 395, 155, 105]
R8[232, 228, 75, 123, 183, 350, 26, 282, 172, 109, 326, 214, 355, 17, 292]
R9[113, 14, 68, 394, 288, 6, 178, 74, 77, 357, 327, 71]
R10[322, 270, 193, 19, 205, 256, 338, 382, 324, 55, 151]
R11[63, 383, 161, 173, 233, 50, 121, 213, 261, 131]
R12[385, 144, 24, 93, 103, 204, 295, 229, 220, 122, 303, 199]
R13[120, 294, 371, 38, 333, 363, 111, 194, 251, 316, 276, 142, 23]
R14[365, 187, 200, 119, 203, 341, 207, 397, 273, 72, 42, 21]
R15[400, 387, 323, 278, 78, 231, 125, 188, 225, 262]
R16[84, 197, 81, 246, 379, 312, 386, 54, 94, 179, 180, 310]
R17[136, 16, 52, 291, 314, 22, 399, 132, 279, 393]
R18[219, 27, 287, 362, 108, 128, 192, 239, 248, 171, 243, 31]
R19[390, 271, 244, 57, 48, 345, 98, 250, 174, 189, 234, 167]
R20[164, 340, 56, 141, 252, 370, 274, 170, 4, 275, 240, 190, 364]
R21[367, 378, 148, 373, 267, 391]
R22[280, 114, 348, 44, 388, 235, 281, 129, 176, 263, 137, 384]
R23[191, 36, 86, 335, 60, 254, 293, 359, 82, 296, 53, 313]
R24[212, 237, 305, 360, 299, 47, 9, 12, 198, 249]
R25[372, 107, 134, 356, 351, 58, 284, 221, 315, 80, 344]
R26[301, 139, 392, 349, 91, 130]
R27[29, 255, 33, 28, 157, 169, 140, 135, 112, 90, 196, 321]
R28[297, 41, 332, 92, 339, 224, 230, 43, 34, 8, 260, 319]
R29[186, 154, 381, 202, 118, 309, 342, 346, 45, 318]
R30[300, 302, 201, 25, 70, 87, 298, 96, 49, 353]
R31[64, 208, 100, 145, 106, 266, 165, 308, 146, 79, 268]
R32[334, 216, 358, 195, 285, 18, 238, 329, 269]
R33[366, 150, 83, 354, 206, 99, 184, 175, 3]
R34[115, 398, 66, 277, 331, 325, 368, 37, 20, 126]
R35[241, 311, 76, 13, 15, 257, 7, 101, 97, 375, 149]
R36[336, 286, 152, 10, 185, 209, 88, 217]
R37[163, 343, 253, 59, 211, 304, 159, 102, 69, 222]
------------------------------------------