------------------------------------------
HEURÍSTICA DE CONSTRUCCIÓN: SaveParallel
COSTO TOTAL: 18181.0
TOTAL DE RUTAS: 57
TIEMPO DE EJECUCIÓN: 56995
 
R1[386, 6, 385, 22, 94, 95, 401, 161, 145, 369, 585, 278]
R2[505, 91, 378, 101, 437, 435, 259, 297]
R3[210, 520, 488, 240, 105, 139, 275, 249, 494, 497, 82]
R4[335, 123, 200, 515, 558, 470, 361, 402, 254, 184, 455]
R5[458, 379, 459, 545, 207, 323, 48, 561, 159, 503]
R6[538, 152, 512, 116, 162, 375, 543, 253]
R7[219, 426, 439, 157, 306, 438, 462, 456, 327, 454, 395]
R8[212, 574, 74, 307, 132, 83, 153, 170, 15, 65, 487]
R9[108, 403, 182, 483, 427, 477, 599, 7, 325, 198, 263]
R10[279, 311, 248, 79, 97, 328, 217, 192, 405, 119, 283]
R11[230, 237, 509, 388, 299, 406, 447, 255, 336, 11]
R12[559, 143, 429, 301, 430, 422, 195, 364, 245, 504, 276]
R13[190, 130, 213, 290, 12, 81, 432, 52, 357, 343, 541, 554, 465, 277]
R14[535, 467, 25, 41, 433, 578, 216, 486, 174, 292, 29, 204, 589]
R15[495, 410, 387, 125, 304, 164, 534, 441, 232, 246, 569]
R16[3, 133, 482, 314, 281, 140, 565, 310, 526, 78, 231, 570]
R17[271, 377, 550, 172, 363, 408, 493, 183, 431]
R18[148, 524, 203, 480, 522, 273, 507, 347, 591, 209, 302]
R19[533, 374, 128, 446, 176, 359, 262, 552, 44, 479, 280]
R20[443, 514, 411, 115, 199, 453, 16, 150, 51, 171, 460]
R21[322, 355, 267, 551, 286, 206, 106, 319, 424, 548, 499]
R22[583, 352, 57, 356, 124, 266, 555, 151, 141, 147, 73, 478]
R23[353, 469, 498, 513, 326, 144, 449, 274, 134, 257]
R24[165, 373, 35, 527, 1, 84, 46, 129, 85, 588]
R25[400, 117, 590, 269, 220, 341, 49, 26, 169, 351]
R26[370, 87, 72, 423, 102, 80, 126, 394, 466, 272, 481, 43, 414]
R27[187, 472, 24, 382, 122, 201, 471, 596, 542, 540, 20, 294]
R28[525, 40, 415, 342, 412, 463, 45, 580, 155]
R29[586, 107, 156, 473, 324, 563, 89, 484, 236, 241, 98, 104]
R30[567, 440, 587, 413, 5, 53, 39, 448, 530, 270, 191]
R31[261, 383, 537, 160, 110, 317, 69, 409, 8, 407, 531]
R32[380, 337, 96, 362, 31, 149, 63, 265, 9, 37, 318, 242]
R33[577, 344, 142, 457, 226, 298, 14, 27, 581, 365, 451]
R34[506, 225, 528, 32, 428, 288, 489, 136, 485, 539, 135, 287]
R35[350, 309, 547, 211, 556, 54, 549, 227, 185]
R36[572, 19, 592, 193, 260, 333, 113, 391, 62, 313]
R37[594, 291, 100, 214, 575, 239, 418, 208, 92, 502, 389, 186]
R38[532, 196, 67, 372, 491, 584, 268, 434, 295, 396, 121, 229, 222]
R39[138, 442, 366, 305, 243, 444, 371, 573, 339, 553, 544, 536]
R40[179, 194, 476, 175, 516, 60, 247, 417, 47, 330]
R41[368, 4, 496, 397, 70, 114, 450, 168, 103, 264, 349, 296, 461, 600]
R42[390, 90, 419, 360, 23, 354, 384, 492, 517, 178]
R43[233, 376, 500, 416, 421, 518, 595, 445, 109, 137]
R44[28, 523, 501, 420, 571, 404, 180]
R45[235, 177, 17, 218, 312, 381, 392, 508, 321, 564, 228, 425]
R46[511, 173, 10, 189, 202, 166]
R47[13, 284, 118, 329, 452, 568, 393, 181, 76, 338, 308]
R48[320, 21, 99, 250, 367, 252, 579, 289, 163]
R49[71, 88, 436, 215, 293, 58, 300, 285, 346, 93, 521]
R50[256, 566, 557, 167, 258, 510, 560, 111, 234, 398, 546, 33]
R51[77, 468, 64, 66, 348, 582, 61, 131, 576]
R52[474, 146, 188, 36, 50, 358, 475, 154]
R53[315, 519, 112, 42, 205, 2, 282, 127, 158]
R54[598, 75, 562, 56, 529, 316]
R55[55, 38, 34, 238, 303, 399, 224, 334]
R56[18, 490, 593, 30, 331, 332, 597, 223, 68, 86, 120]
R57[345, 251, 340, 197, 464, 244, 59, 221]
------------------------------------------