------------------------------------------
HEURÍSTICA DE CONSTRUCCIÓN: SaveParallel
COSTO TOTAL: 945.0
TOTAL DE RUTAS: 6
TIEMPO DE EJECUCIÓN: 2.6652042865753174
 
R1[28, 61, 21, 48, 5, 47, 36, 69, 71, 60, 70, 20, 37, 15, 57, 13]
R2[24, 49, 23, 56, 43, 41, 42, 64, 22, 1, 73, 62, 33, 63, 16]
R3[8, 54, 19, 35, 53, 14, 59, 66, 11, 65, 38, 72]
R4[9, 39, 31, 10, 58, 25, 55, 18, 50, 32, 44, 3, 17]
R5[34, 7, 46, 52, 27, 29, 45, 4, 67]
R6[68, 6, 51, 40, 12, 26, 74, 2, 30, 75]
------------------------------------------