------------------------------------------
HEURÍSTICA DE CONSTRUCCIÓN: SaveParallel
COSTO TOTAL: 6460.0
TOTAL DE RUTAS: 5
TIEMPO DE EJECUCIÓN: 241.10585021972656
 
R1[18, 26, 34, 239, 231, 223, 222, 214, 206, 207, 208, 213, 221, 229, 237, 196, 188, 180, 172, 166, 164, 161, 162, 163, 171, 179, 187, 195, 194, 186, 178, 170, 169, 177, 185, 193, 235, 227, 219, 211, 203, 205, 204, 212, 220, 228, 236, 277, 269, 261, 253, 248, 245, 243, 242, 241, 249, 257, 265, 273, 274, 266, 258, 250, 251, 259, 267, 233, 275, 225, 217, 209, 201, 202, 210, 218, 226, 234, 215, 216, 224, 232, 27, 145, 190, 174, 182, 198, 153, 35, 240, 19, 11]
R2[1, 9, 17, 25, 230, 272, 256, 264, 280, 238, 33, 315, 307, 299, 291, 290, 298, 306, 314, 279, 271, 263, 255, 247, 246, 244, 252, 260, 268, 276, 254, 262, 270, 278, 313, 305, 297, 289, 281, 282, 283, 285, 288, 287, 295, 303, 311, 319, 354, 346, 338, 330, 323, 322, 321, 324, 326, 334, 342, 350, 358, 356, 348, 340, 332, 329, 337, 345, 318, 353, 310, 302, 294, 286, 284, 292, 300, 308, 316, 293, 296, 304, 312, 30, 65, 347, 331, 339, 355, 73, 38, 320, 22, 14, 6]
R3[15, 23, 31, 39, 74, 66, 58, 59, 51, 53, 61, 69, 77, 116, 108, 100, 92, 84, 86, 87, 95, 103, 111, 119, 94, 102, 110, 80, 118, 72, 64, 56, 48, 45, 43, 50, 57, 49, 52, 60, 68, 76, 357, 349, 341, 333, 325, 328, 327, 335, 343, 351, 359, 336, 344, 352, 78, 360, 70, 62, 54, 46, 44, 41, 42, 47, 55, 63, 71, 79]
R4[13, 21, 29, 37, 156, 148, 140, 137, 129, 130, 138, 146, 154, 199, 191, 183, 175, 167, 168, 165, 173, 181, 189, 197, 176, 184, 192, 155, 200, 147, 139, 131, 123, 122, 121, 124, 126, 127, 135, 143, 151, 159, 114, 106, 98, 90, 81, 82, 83, 85, 88, 96, 104, 112, 120, 117, 109, 101, 93, 91, 99, 107, 115, 160, 152, 144, 136, 128, 125, 133, 141, 149, 157, 132, 134, 142, 150, 32, 67, 105, 89, 97, 113, 75, 40, 158, 24, 16, 8, 7]
R5[4, 12, 20, 28, 36, 309, 301, 317, 10, 2, 3, 5]
------------------------------------------