------------------------------------------
HEURÍSTICA DE CONSTRUCCIÓN: SaveParallel
COSTO TOTAL: 1029.0
TOTAL DE RUTAS: 4
TIEMPO DE EJECUCIÓN: 6.660354375839233
 
R1[5, 96, 99, 53, 58, 40, 2, 21, 73, 72, 74, 41, 22, 75, 56, 23, 67, 39, 25, 55, 4, 54, 12, 26, 28, 89]
R2[18, 6, 94, 13, 95, 97, 87, 42, 57, 15, 43, 38, 86, 16, 100, 14, 44, 91, 85, 98, 37, 92, 59, 93, 61]
R3[52, 27, 69, 1, 50, 76, 77, 68, 80, 24, 29, 3, 79, 33, 51, 9, 81, 78, 34, 35, 65, 71, 66, 20, 30, 70, 31, 88, 7, 60]
R4[84, 17, 45, 8, 46, 47, 36, 49, 64, 11, 63, 32, 90, 10, 62, 19, 48, 82, 83]
------------------------------------------