------------------------------------------
CANTIDAD DE EJECUCIONES: 20
HEURÍSTICA DE CONSTRUCCIÓN: HeuristicType.SaveParallel
COSTO TOTAL: 828.0
TOTAL DE RUTAS: 3
TIEMPO DE EJECUCIÓN: 4.787934064865112 milisegundos
 
R1[7, 8, 54, 19, 35, 53, 14, 59, 66, 11, 65, 38, 10, 31, 39, 9, 25, 55, 18, 50, 32, 44, 3]
R2[24, 49, 23, 56, 43, 41, 42, 64, 22, 1, 73, 62, 28, 61, 21, 48, 5, 47, 36, 69, 71, 60, 70, 20, 37, 15, 57, 13, 27]
R3[4, 67, 17, 40, 12, 72, 58, 26, 75, 68, 6, 51, 16, 63, 33, 2, 74, 30, 29, 45, 52, 46, 34]
------------------------------------------