------------------------------------------
CANTIDAD DE EJECUCIONES: 20
HEURÍSTICA DE CONSTRUCCIÓN: HeuristicType.SaveParallel
COSTO TOTAL: 1169.0
TOTAL DE RUTAS: 4
TIEMPO DE EJECUCIÓN: 10.229159355163574 milisegundos
 
R1[57, 41, 22, 72, 74, 75, 74]
R2[92, 2, 21, 73, 56, 23, 67, 39, 25, 55, 54, 24, 29, 68, 80]
R3[17, 46, 47, 36, 49, 64, 11, 63, 32, 90, 30, 10, 31, 88, 7, 48, 19, 62, 51, 9, 81, 33, 79, 3, 78, 34, 35, 65, 71, 66, 20, 70, 53, 58, 40, 26, 12, 76, 77, 50, 1, 69, 27, 28, 52]
R4[89, 6, 94, 13, 95, 97, 87, 42, 15, 43, 38, 86, 16, 91, 14, 44, 100, 37, 98, 59, 93, 85, 61, 96, 99, 5, 84, 60, 18, 82, 8, 45, 83]
------------------------------------------