------------------------------------------
CANTIDAD DE EJECUCIONES: 20
HEURÍSTICA DE CONSTRUCCIÓN: HeuristicType.SaveSequential
COSTO TOTAL: 939.0
TOTAL DE RUTAS: 3
TIEMPO DE EJECUCIÓN: 1.296597957611084 milisegundos
 
R1[15, 37, 36, 69, 71, 60, 70, 20, 54, 19, 35, 53, 14, 59, 66, 11, 65, 38, 10, 31, 55, 25, 18, 50, 32, 9, 39, 72]
R2[34, 5, 47, 21, 22, 64, 42, 41, 43, 56, 23, 1, 73, 62, 28, 61, 74, 48, 29, 57, 13, 27, 45, 30, 2, 63]
R3[7, 8, 52, 46, 67, 4, 68, 75, 58, 12, 40, 3, 44, 24, 49, 16, 33, 6, 51, 17, 26]
------------------------------------------