------------------------------------------
CANTIDAD DE EJECUCIONES: 20
HEURÍSTICA DE CONSTRUCCIÓN: HeuristicType.SaveSequential
COSTO TOTAL: 7710.0
TOTAL DE RUTAS: 4
TIEMPO DE EJECUCIÓN: 94.03805375099182 milisegundos
 
R1[316, 308, 300, 283, 282, 281, 290, 298, 306, 314, 279, 271, 263, 255, 297, 305, 313, 278, 270, 262, 254, 289, 249, 257, 265, 273, 274, 266, 258, 250, 241, 242, 243, 244, 252, 260, 268, 276, 246, 247, 245, 248, 251, 259, 267, 275, 233, 225, 217, 209, 169, 170, 171, 179, 187, 195, 194, 186, 178, 162, 163, 165, 173, 181, 189, 197, 168, 167, 161, 164, 166, 172, 177, 185, 193, 235, 227, 219, 211, 180, 188, 196, 237, 229, 221, 213, 203, 201, 202, 210, 218, 226, 234, 204, 212, 220, 228, 236, 253, 261, 269, 277, 256, 264, 272, 280, 238, 33, 315, 307, 299, 291]
R2[137, 129, 121, 122, 130, 138, 146, 154, 199, 191, 183, 175, 176, 184, 192, 200, 155, 147, 139, 131, 123, 128, 127, 135, 143, 151, 159, 114, 106, 98, 136, 144, 152, 160, 115, 107, 99, 91, 90, 81, 92, 108, 84, 85, 88, 96, 104, 112, 120, 117, 109, 101, 93, 83, 82, 87, 95, 103, 111, 119, 86, 94, 102, 110, 118, 80, 72, 64, 56, 48, 45, 53, 61, 69, 77, 100, 89, 97, 105, 116, 113, 75, 40, 158, 150, 142, 134, 126, 124, 125, 133, 141, 149, 157]
R3[67, 59, 51, 50, 79, 71, 63, 55, 47, 43, 42, 41, 49, 57, 65, 30, 304, 312, 320, 38, 73, 355, 347, 339, 331, 296, 288, 287, 295, 303, 311, 319, 354, 346, 338, 330, 60, 52, 44, 46, 54, 62, 70, 68, 76, 357, 349, 341, 333, 336, 344, 352, 360, 78, 358, 350, 342, 334, 326, 324, 332, 340, 348, 356, 321, 322, 327, 335, 343, 351, 359, 328, 325, 323, 329, 337, 345, 353, 318, 310, 302, 294, 286, 284, 292, 285, 293, 301, 309]
R4[12, 317, 36, 28, 20, 22, 14, 6, 4, 1, 9, 17, 25, 230, 222, 214, 206, 205, 208, 174, 182, 190, 198, 153, 35, 240, 232, 224, 216, 207, 215, 223, 231, 239, 34, 26, 27, 145, 132, 140, 148, 156, 37, 29, 32, 24, 16, 8, 3, 11, 19, 18, 10, 2, 5, 13, 21, 7, 15, 23, 31, 39, 58, 66, 74]
------------------------------------------